   3.8406578e+01   2.7996136e+00   1.4571223e+00   7.1324418e-01  -2.3611930e+00   1.1774540e-01
   3.6273972e+01   2.7064827e+00   1.3324123e+00   6.8082984e-01  -2.4907707e+00   1.2427288e-01
   3.3226320e+01   2.6211898e+00   1.0420621e+00   8.0417540e-01  -2.5381648e+00   1.1610691e-01
   3.1719504e+01   2.7552171e+00   1.0934106e+00   7.1002198e-01  -2.3608797e+00   1.2081416e-01
   3.0552775e+01   2.6303772e+00   1.0690542e+00   6.1208937e-01  -2.5837264e+00   1.2097676e-01
   4.2488635e+01   2.6025919e+00   1.4111999e+00   9.2088661e-01  -2.6122838e+00   1.3186076e-01
   3.4284276e+01   2.7062370e+00   1.1700754e+00   7.5545969e-01  -2.4395251e+00   1.1898899e-01
   3.3780471e+01   2.6152527e+00   1.1111696e+00   7.5169206e-01  -2.5802837e+00   1.2388771e-01
   3.7394365e+01   2.6236096e+00   1.3611846e+00   6.8601286e-01  -2.6145192e+00   1.2311178e-01
   4.1270279e+01   2.6779075e+00   1.6189071e+00   6.4009947e-01  -2.5729529e+00   1.2964638e-01
   4.1577363e+01   2.6313234e+00   1.4170471e+00   8.7932370e-01  -2.5652326e+00   1.1569086e-01
   3.9149591e+01   2.5979910e+00   1.4640594e+00   6.6547186e-01  -2.6675060e+00   1.2908471e-01
   3.5117431e+01   2.6139754e+00   1.1706937e+00   7.6280189e-01  -2.5897027e+00   1.2478142e-01
   3.4138883e+01   2.7031221e+00   1.1529281e+00   7.6739672e-01  -2.4355034e+00   1.1617719e-01
   3.4100766e+01   2.7233879e+00   1.0437676e+00   9.1539456e-01  -2.3266831e+00   1.2431344e-01
   3.8516865e+01   2.6561999e+00   1.4469734e+00   6.6608544e-01  -2.5800983e+00   1.2312826e-01
   3.6084441e+01   2.7364396e+00   1.3464227e+00   6.6469896e-01  -2.4532980e+00   1.2392284e-01
   3.5463024e+01   2.8172267e+00   1.3326041e+00   6.8061033e-01  -2.3301188e+00   1.2685032e-01
   4.2306527e+01   2.7072088e+00   1.5747178e+00   7.6949277e-01  -2.4976582e+00   1.2416613e-01
   4.2776320e+01   2.6757008e+00   1.6415881e+00   7.0512123e-01  -2.5644229e+00   1.2827425e-01
   3.9048657e+01   2.7491554e+00   1.5090150e+00   6.5752796e-01  -2.4610088e+00   1.3178307e-01
   3.5665972e+01   2.6761168e+00   1.1785862e+00   8.1221878e-01  -2.4797706e+00   1.2927249e-01
   3.8781418e+01   2.6262274e+00   1.4552839e+00   6.6310918e-01  -2.6242408e+00   1.2299107e-01
   4.3413927e+01   2.6909475e+00   1.5087686e+00   9.1475816e-01  -2.4766841e+00   1.1695605e-01
   3.9198407e+01   2.6186442e+00   1.3972649e+00   7.4802908e-01  -2.6175018e+00   1.3160446e-01
   4.1404149e+01   2.6550767e+00   1.5494331e+00   7.2294137e-01  -2.5792600e+00   1.2196008e-01
   4.3105061e+01   2.7199976e+00   1.6166745e+00   7.7326447e-01  -2.4848950e+00   1.2857065e-01
   3.9386729e+01   2.7683590e+00   1.4303568e+00   7.8952602e-01  -2.3854646e+00   1.2935011e-01
   3.3490543e+01   2.6838614e+00   1.0318979e+00   8.5923338e-01  -2.4185921e+00   1.2935781e-01
   3.6261886e+01   2.6492371e+00   1.1384338e+00   8.8575356e-01  -2.4946376e+00   1.2573689e-01
   2.9288282e+01   2.7695506e+00   1.0369237e+00   6.2669620e-01  -2.3573103e+00   1.2103264e-01
   3.9569006e+01   2.8604738e+00   1.6219326e+00   6.0125019e-01  -2.3374932e+00   1.2838696e-01
   3.6351452e+01   2.6943098e+00   1.3317454e+00   6.8174058e-01  -2.5080726e+00   1.2366412e-01
   4.2160564e+01   2.6527151e+00   1.5316214e+00   7.8748258e-01  -2.5691137e+00   1.2434367e-01
   3.5597820e+01   2.7973570e+00   1.3139476e+00   7.0531859e-01  -2.3459983e+00   1.2372706e-01
   4.0194764e+01   2.6665663e+00   1.3380202e+00   9.0184007e-01  -2.4962063e+00   1.2275292e-01
   3.3407325e+01   2.8092765e+00   1.2939024e+00   5.8969065e-01  -2.3631264e+00   1.1844486e-01
   4.5850597e+01   2.6211753e+00   1.5940904e+00   9.2644932e-01  -2.5950866e+00   1.2026083e-01
   4.3772091e+01   2.6145408e+00   1.5828270e+00   8.0890473e-01  -2.6296092e+00   1.3063346e-01
   4.0548134e+01   2.6093282e+00   1.4275122e+00   7.9100370e-01  -2.6261463e+00   1.3056718e-01
   3.2880284e+01   2.7200746e+00   1.2079571e+00   6.2235015e-01  -2.4690403e+00   1.2389195e-01
   3.2305635e+01   2.7036490e+00   1.2075700e+00   5.7962123e-01  -2.5066695e+00   1.2591908e-01
   3.5269071e+01   2.6453737e+00   1.1778266e+00   7.7494583e-01  -2.5389207e+00   1.2785434e-01
   3.6772127e+01   2.7983511e+00   1.4733705e+00   5.7997537e-01  -2.4059894e+00   1.1781959e-01
   4.2289624e+01   2.6861335e+00   1.5186275e+00   8.2492531e-01  -2.5104314e+00   1.2551558e-01
   3.9358368e+01   2.7786081e+00   1.5495712e+00   6.4612538e-01  -2.4229602e+00   1.1877460e-01
   3.8963068e+01   2.8307356e+00   1.5389668e+00   6.6091420e-01  -2.3449012e+00   1.1648746e-01
   3.6878495e+01   2.7108813e+00   1.1831539e+00   9.1371833e-01  -2.3829885e+00   1.1649726e-01
   3.9907425e+01   2.6146391e+00   1.5353020e+00   6.3457147e-01  -2.6556501e+00   1.3171387e-01
   4.0023631e+01   2.7880858e+00   1.4252954e+00   8.5616530e-01  -2.3320891e+00   1.2442347e-01
   3.0987214e+01   2.7978550e+00   1.1688102e+00   5.8359133e-01  -2.3594106e+00   1.1799491e-01
   3.4827990e+01   2.7304915e+00   1.2651515e+00   6.8031188e-01  -2.4464515e+00   1.2661933e-01
   4.0754304e+01   2.5609907e+00   1.3116072e+00   9.1677303e-01  -2.6657422e+00   1.2552824e-01
   3.5341414e+01   2.8215479e+00   1.3421104e+00   6.6515628e-01  -2.3282224e+00   1.2081284e-01
   3.5968368e+01   2.6919511e+00   1.3678821e+00   6.1300208e-01  -2.5349075e+00   1.2706320e-01
   3.6608529e+01   2.6533544e+00   1.2420080e+00   7.8749158e-01  -2.5299718e+00   1.2228457e-01
   3.6011262e+01   2.6703030e+00   1.2074101e+00   8.0113967e-01  -2.4913302e+00   1.1920047e-01
   4.2233718e+01   2.6932125e+00   1.4728428e+00   8.8346821e-01  -2.4768898e+00   1.1957057e-01
   4.4181697e+01   2.8004909e+00   1.6213399e+00   8.9170011e-01  -2.3346372e+00   1.2209904e-01
   3.5412299e+01   2.8151302e+00   1.4024080e+00   5.8831201e-01  -2.3707858e+00   1.1596917e-01
   4.0366597e+01   2.6768747e+00   1.4017098e+00   8.4216905e-01  -2.5030603e+00   1.2141022e-01
   4.1876718e+01   2.7720478e+00   1.4955167e+00   8.7789008e-01  -2.3629568e+00   1.2497687e-01
   3.6179421e+01   2.6611164e+00   1.2597195e+00   7.4233132e-01  -2.5333882e+00   1.2508802e-01
   3.4994432e+01   2.6047973e+00   1.3116514e+00   5.9618968e-01  -2.6523964e+00   1.1654786e-01
   3.5498032e+01   2.6725834e+00   1.3477888e+00   6.0180521e-01  -2.5621847e+00   1.2549624e-01
   4.1185398e+01   2.6872380e+00   1.6178826e+00   6.4115757e-01  -2.5577226e+00   1.2365346e-01
   3.8848678e+01   2.6657702e+00   1.3100524e+00   8.4891624e-01  -2.5084428e+00   1.2688586e-01
   3.8739696e+01   2.7049231e+00   1.4302718e+00   7.1557628e-01  -2.4990685e+00   1.2904271e-01
   3.8737614e+01   2.7136036e+00   1.3155763e+00   8.6643877e-01  -2.4227112e+00   1.1868823e-01
   3.6331870e+01   2.6879714e+00   1.3763861e+00   6.2237969e-01  -2.5412754e+00   1.3208982e-01
   3.2833590e+01   2.7334482e+00   1.0462580e+00   8.3260957e-01  -2.3407337e+00   1.2468190e-01
   3.9453388e+01   2.6738244e+00   1.5363984e+00   6.2307109e-01  -2.5758933e+00   1.3127353e-01
   4.1272857e+01   2.7393535e+00   1.4522206e+00   8.7053187e-01  -2.4092097e+00   1.2660321e-01
   3.3579492e+01   2.7553505e+00   1.1487310e+00   7.6520488e-01  -2.3520388e+00   1.1805316e-01
   3.4576081e+01   2.6422557e+00   1.0290951e+00   9.1464383e-01  -2.4653904e+00   1.1629367e-01
   3.7458075e+01   2.8369409e+00   1.5112552e+00   5.9633300e-01  -2.3529365e+00   1.1564866e-01
   4.1823027e+01   2.5743837e+00   1.3852343e+00   9.0481972e-01  -2.6497696e+00   1.1879827e-01
   3.8511979e+01   2.7239400e+00   1.4410791e+00   6.9837702e-01  -2.4751063e+00   1.2455424e-01
   3.7179264e+01   2.6011374e+00   1.4285363e+00   5.9325478e-01  -2.6685340e+00   1.1795246e-01
   4.3871220e+01   2.6007605e+00   1.4926821e+00   9.1635650e-01  -2.6160725e+00   1.1665763e-01
   4.3333914e+01   2.6834589e+00   1.5912270e+00   8.0261337e-01  -2.5272360e+00   1.2502546e-01
   3.9559924e+01   2.6459097e+00   1.4486120e+00   7.2036969e-01  -2.5880282e+00   1.3243333e-01
   3.3643051e+01   2.6651064e+00   1.0974265e+00   7.8356080e-01  -2.4825890e+00   1.1821631e-01
   3.9505115e+01   2.6662707e+00   1.4794171e+00   6.9394358e-01  -2.5607277e+00   1.1810752e-01
   3.4902854e+01   2.7558665e+00   1.3077590e+00   6.4741501e-01  -2.4220500e+00   1.1823037e-01
   3.6325159e+01   2.7507838e+00   1.4325567e+00   5.8280016e-01  -2.4645144e+00   1.1675067e-01
   3.7657845e+01   2.6591026e+00   1.4376540e+00   6.2434110e-01  -2.5860214e+00   1.2786673e-01
   3.9595102e+01   2.6052205e+00   1.4566416e+00   7.0339358e-01  -2.6471933e+00   1.2313940e-01
   3.5460058e+01   2.5423241e+00   1.0575909e+00   8.8432732e-01  -2.6683915e+00   1.2424862e-01
   3.4430376e+01   2.6101870e+00   1.1639483e+00   7.2774870e-01  -2.6035272e+00   1.2589932e-01
   3.4589380e+01   2.6620900e+00   1.1278969e+00   7.9841447e-01  -2.4979962e+00   1.3072727e-01
   4.1814948e+01   2.7493205e+00   1.6177658e+00   7.0857772e-01  -2.4542424e+00   1.1750503e-01
   4.0495024e+01   2.5906963e+00   1.3515603e+00   8.7008825e-01  -2.6266840e+00   1.2042931e-01
   4.1907007e+01   2.6017630e+00   1.4534134e+00   8.4461443e-01  -2.6231019e+00   1.1647017e-01
   3.7577479e+01   2.6774243e+00   1.4498301e+00   6.1433499e-01  -2.5598284e+00   1.1788056e-01
   3.0599313e+01   2.5948276e+00   1.0721693e+00   6.0250241e-01  -2.6388815e+00   1.1656785e-01
   3.5482629e+01   2.6428080e+00   1.1646698e+00   8.0651839e-01  -2.5267812e+00   1.1860240e-01
   3.4639962e+01   2.6388387e+00   1.2027463e+00   7.0493474e-01  -2.5709573e+00   1.2874010e-01
   4.0003872e+01   2.7744325e+00   1.6082552e+00   6.0794057e-01  -2.4493099e+00   1.3098099e-01
   3.5603327e+01   2.6073088e+00   1.1672643e+00   7.9339766e-01  -2.5928102e+00   1.2439024e-01
   3.5161263e+01   2.7036714e+00   1.1798364e+00   7.9260324e-01  -2.4410446e+00   1.3005953e-01
   4.2782149e+01   2.6102493e+00   1.4552989e+00   8.9683890e-01  -2.6019919e+00   1.1936100e-01
   4.0672337e+01   2.6009720e+00   1.4373928e+00   7.8704375e-01  -2.6365256e+00   1.2282859e-01
   3.9142000e+01   2.8046285e+00   1.4729383e+00   7.4363320e-01  -2.3487950e+00   1.2178489e-01
   4.2029124e+01   2.7217559e+00   1.5588782e+00   7.7648071e-01  -2.4745813e+00   1.2747844e-01
   4.3509399e+01   2.6636501e+00   1.4881512e+00   9.2216716e-01  -2.5236907e+00   1.3179229e-01
   3.2551047e+01   2.5745451e+00   1.0322177e+00   7.5557344e-01  -2.6309903e+00   1.1917217e-01
   3.7631758e+01   2.7208707e+00   1.3956911e+00   6.9452340e-01  -2.4765007e+00   1.2846783e-01
   4.6312851e+01   2.6012146e+00   1.6128368e+00   9.2244503e-01  -2.6306992e+00   1.2441746e-01
   3.6303406e+01   2.5863138e+00   1.0787498e+00   9.2572850e-01  -2.5871283e+00   1.2859066e-01
   4.1359924e+01   2.5974878e+00   1.3768925e+00   8.9127898e-01  -2.6211380e+00   1.3068902e-01
   4.4535439e+01   2.6603127e+00   1.6192301e+00   8.3572398e-01  -2.5549177e+00   1.1951250e-01
   3.5359096e+01   2.6329169e+00   1.1481676e+00   8.0810635e-01  -2.5485599e+00   1.3171087e-01
   3.8445254e+01   2.7730873e+00   1.3580583e+00   8.3277055e-01  -2.3451636e+00   1.1585887e-01
   3.2142823e+01   2.7553396e+00   1.1013327e+00   7.2586832e-01  -2.3592889e+00   1.2514142e-01
   3.9487072e+01   2.7854483e+00   1.5019552e+00   7.1282780e-01  -2.3936143e+00   1.3085549e-01
   3.4211410e+01   2.5978455e+00   1.2223781e+00   6.4751010e-01  -2.6435567e+00   1.1828805e-01
   3.6423888e+01   2.6318871e+00   1.1402589e+00   8.8605782e-01  -2.5229377e+00   1.2277421e-01
   4.6257211e+01   2.6695536e+00   1.6511725e+00   9.0777984e-01  -2.5309968e+00   1.2106581e-01
   4.3104454e+01   2.6610293e+00   1.4788320e+00   9.1025438e-01  -2.5253361e+00   1.2524698e-01
   3.8327918e+01   2.8592219e+00   1.5515012e+00   6.0745555e-01  -2.3293766e+00   1.2975302e-01
   3.7456840e+01   2.6639627e+00   1.4597619e+00   5.9003633e-01  -2.5864741e+00   1.2219121e-01
   3.8360421e+01   2.6272080e+00   1.4637437e+00   6.2804239e-01  -2.6316438e+00   1.2618085e-01
   3.7656652e+01   2.7647597e+00   1.3616372e+00   7.5877413e-01  -2.3901268e+00   1.3215311e-01
   3.1822966e+01   2.5962787e+00   1.1413407e+00   5.9426746e-01  -2.6539158e+00   1.2977879e-01
   3.3845087e+01   2.8423965e+00   1.3372514e+00   5.7284638e-01  -2.3342659e+00   1.2951703e-01
   3.5397954e+01   2.8003883e+00   1.3800996e+00   6.0214980e-01  -2.3895626e+00   1.3197841e-01
   4.1210710e+01   2.8131307e+00   1.5531953e+00   7.8751214e-01  -2.3340425e+00   1.1856823e-01
   3.0983960e+01   2.7674440e+00   1.1503677e+00   5.8935713e-01  -2.4021006e+00   1.2703339e-01
   3.8759711e+01   2.7106600e+00   1.3596213e+00   8.0572129e-01  -2.4571194e+00   1.2816545e-01
   4.0792502e+01   2.8243865e+00   1.5400112e+00   7.7614967e-01  -2.3241068e+00   1.2962385e-01
   3.3208894e+01   2.7280972e+00   1.2484228e+00   5.9573643e-01  -2.4730736e+00   1.2721735e-01
   3.6604944e+01   2.7098416e+00   1.3725090e+00   6.5601999e-01  -2.4963600e+00   1.2112075e-01
   3.9650623e+01   2.6513333e+00   1.4818017e+00   6.9541950e-01  -2.5811838e+00   1.1598985e-01
   3.2151601e+01   2.6249492e+00   1.1501382e+00   6.1474988e-01  -2.6011212e+00   1.1747504e-01
   4.0809370e+01   2.6841738e+00   1.4343438e+00   8.3494346e-01  -2.4974615e+00   1.2031567e-01
   3.1057084e+01   2.7062388e+00   1.0197573e+00   7.2937733e-01  -2.4212641e+00   1.2994842e-01
   3.4086099e+01   2.8506024e+00   1.3502373e+00   5.7552961e-01  -2.3246038e+00   1.3104484e-01
   3.9857066e+01   2.6484388e+00   1.3867269e+00   8.1420596e-01  -2.5526893e+00   1.2320336e-01
   3.4626933e+01   2.5842174e+00   1.0242323e+00   8.8577141e-01  -2.5926670e+00   1.3255933e-01
   4.0311692e+01   2.6936193e+00   1.5945415e+00   6.1945168e-01  -2.5489656e+00   1.1597416e-01
   4.4222500e+01   2.6019419e+00   1.5563600e+00   8.6062085e-01  -2.6375713e+00   1.3031695e-01
   3.9183049e+01   2.7561040e+00   1.5189841e+00   6.6007777e-01  -2.4489569e+00   1.2456891e-01
   3.8368501e+01   2.7089925e+00   1.5273382e+00   5.7796420e-01  -2.5374713e+00   1.3233215e-01
   3.5639014e+01   2.7718487e+00   1.2603548e+00   7.5994206e-01  -2.3596220e+00   1.3062565e-01
   3.6313790e+01   2.6258124e+00   1.1178041e+00   9.0518677e-01  -2.5205869e+00   1.1818980e-01
   3.6757549e+01   2.7496030e+00   1.2465909e+00   8.4569666e-01  -2.3584306e+00   1.2152578e-01
   3.9160182e+01   2.6384772e+00   1.4352076e+00   7.1466798e-01  -2.5912474e+00   1.1639486e-01
   4.3491630e+01   2.7741419e+00   1.6199605e+00   8.2718125e-01  -2.3912094e+00   1.2310206e-01
   3.2070829e+01   2.7410286e+00   1.0798081e+00   7.4218735e-01  -2.3697799e+00   1.2304956e-01
   4.0220909e+01   2.6910602e+00   1.4955468e+00   7.2775858e-01  -2.5203882e+00   1.2106241e-01
   3.5003418e+01   2.6547130e+00   1.0552977e+00   9.0788448e-01  -2.4638860e+00   1.3127146e-01
   4.1811632e+01   2.6062209e+00   1.5073858e+00   7.7721295e-01  -2.6375387e+00   1.2397827e-01
   3.9380245e+01   2.6208758e+00   1.3182335e+00   8.5082933e-01  -2.5820424e+00   1.2772493e-01
   3.3432174e+01   2.6666065e+00   1.0486874e+00   8.2610165e-01  -2.4621704e+00   1.2693287e-01
   3.9520433e+01   2.7400333e+00   1.5620512e+00   6.2029453e-01  -2.4877356e+00   1.2983630e-01
   3.4051780e+01   2.7419592e+00   1.1257907e+00   8.1823492e-01  -2.3502991e+00   1.1986961e-01
   3.2164133e+01   2.7100056e+00   1.0938191e+00   7.1067743e-01  -2.4378873e+00   1.2874990e-01
   3.2612920e+01   2.7020640e+00   1.1946124e+00   6.1511976e-01  -2.4950451e+00   1.2251928e-01
   3.6019277e+01   2.6981276e+00   1.2221962e+00   7.9954104e-01  -2.4478386e+00   1.1635404e-01
   3.9512543e+01   2.6045670e+00   1.4100823e+00   7.4800455e-01  -2.6394036e+00   1.3051148e-01
   3.7678565e+01   2.6162907e+00   1.4560563e+00   5.9219172e-01  -2.6553148e+00   1.3227729e-01
   4.3062154e+01   2.7772011e+00   1.6558404e+00   7.5735926e-01  -2.4070552e+00   1.1741923e-01
   4.2663959e+01   2.6846517e+00   1.6594593e+00   6.8224562e-01  -2.5564836e+00   1.2421725e-01
   4.3622758e+01   2.5910334e+00   1.5076292e+00   8.7644817e-01  -2.6463439e+00   1.2851234e-01
   3.1257924e+01   2.8129477e+00   1.1968659e+00   5.7244003e-01  -2.3470846e+00   1.1729781e-01
   4.1820289e+01   2.6180145e+00   1.6341803e+00   6.4200922e-01  -2.6505808e+00   1.1597546e-01
   3.9611724e+01   2.5732326e+00   1.2844782e+00   8.8568918e-01  -2.6458367e+00   1.2304963e-01
   3.2383003e+01   2.7071555e+00   1.1592271e+00   6.4756706e-01  -2.4692390e+00   1.1764171e-01
   3.8180547e+01   2.6991135e+00   1.4249227e+00   6.8337767e-01  -2.5161610e+00   1.3226517e-01
   3.1508377e+01   2.5703352e+00   1.0292771e+00   6.9282055e-01  -2.6600087e+00   1.3171886e-01
   3.4751588e+01   2.5566841e+00   1.0475894e+00   8.5674782e-01  -2.6522089e+00   1.3159667e-01
   3.4692463e+01   2.6141292e+00   1.1358068e+00   7.7444776e-01  -2.5862444e+00   1.3247633e-01
   3.6602094e+01   2.5789411e+00   1.1488196e+00   8.6147790e-01  -2.6251034e+00   1.2742611e-01
   3.7533063e+01   2.7653900e+00   1.4830382e+00   6.0017295e-01  -2.4494013e+00   1.2759009e-01
   3.5082326e+01   2.7025800e+00   1.3049510e+00   6.3825421e-01  -2.5031620e+00   1.2183737e-01
   4.3138870e+01   2.6093713e+00   1.5642818e+00   7.9544290e-01  -2.6311475e+00   1.1650081e-01
   3.3723282e+01   2.6986977e+00   1.2707638e+00   5.9215253e-01  -2.5174767e+00   1.2309052e-01
   4.2294808e+01   2.7920758e+00   1.5591674e+00   8.3622066e-01  -2.3545519e+00   1.2481958e-01
   4.1107048e+01   2.7163475e+00   1.5017565e+00   7.8606102e-01  -2.4719286e+00   1.2477050e-01
   4.0042452e+01   2.7334662e+00   1.3957649e+00   8.5616087e-01  -2.4143624e+00   1.2904595e-01
   3.0735669e+01   2.8044041e+00   1.1231255e+00   6.2691775e-01  -2.3269295e+00   1.2583445e-01
   3.9320255e+01   2.7027649e+00   1.3603260e+00   8.3441233e-01  -2.4641133e+00   1.3183803e-01
   3.8780966e+01   2.6766218e+00   1.3177063e+00   8.4128000e-01  -2.4938195e+00   1.2635227e-01
   3.8539676e+01   2.6718813e+00   1.2641642e+00   8.8594321e-01  -2.4838884e+00   1.3065372e-01
   3.2165751e+01   2.6889223e+00   1.0797494e+00   7.2346959e-01  -2.4577987e+00   1.1751842e-01
   3.2452089e+01   2.7612008e+00   1.1866156e+00   6.3658131e-01  -2.4026006e+00   1.2951957e-01
   3.4342180e+01   2.7208166e+00   1.2360124e+00   6.7810954e-01  -2.4597769e+00   1.3236943e-01
   3.4648326e+01   2.7464122e+00   1.2613098e+00   6.8448009e-01  -2.4171769e+00   1.1940419e-01
   3.3197099e+01   2.6606831e+00   1.1139058e+00   7.2805721e-01  -2.5175525e+00   1.3124259e-01
   3.4375499e+01   2.7240558e+00   1.2237315e+00   6.9926138e-01  -2.4437443e+00   1.2713657e-01
   3.6308393e+01   2.6024667e+00   1.2008373e+00   7.9404066e-01  -2.6078505e+00   1.2798252e-01
   4.3330198e+01   2.7729148e+00   1.5479416e+00   9.0661426e-01  -2.3634247e+00   1.2730024e-01
   3.4803511e+01   2.6403513e+00   1.2400399e+00   6.7231330e-01  -2.5816557e+00   1.2922722e-01
   4.0730090e+01   2.6919494e+00   1.5813566e+00   6.5710904e-01  -2.5450523e+00   1.2458750e-01
   3.7843285e+01   2.6143917e+00   1.1923378e+00   9.0015491e-01  -2.5636129e+00   1.2849624e-01
   4.2481072e+01   2.7903110e+00   1.5191556e+00   9.0208224e-01  -2.3315403e+00   1.2413458e-01
   3.8233334e+01   2.6386893e+00   1.4120915e+00   6.8059288e-01  -2.6024030e+00   1.3114364e-01
   2.9728051e+01   2.5946433e+00   1.0312737e+00   5.9668524e-01  -2.6353854e+00   1.1753447e-01
   4.1409867e+01   2.7344035e+00   1.4715435e+00   8.4984754e-01  -2.4272350e+00   1.3019144e-01
   3.0050546e+01   2.5913079e+00   1.0298461e+00   6.1618981e-01  -2.6360280e+00   1.1842797e-01
   4.0064337e+01   2.6354086e+00   1.4601956e+00   7.3505657e-01  -2.5999248e+00   1.2866173e-01
   4.1574536e+01   2.7427678e+00   1.5851564e+00   7.2739680e-01  -2.4575306e+00   1.2336639e-01
   3.7096139e+01   2.7294390e+00   1.2978263e+00   7.8663766e-01  -2.4216739e+00   1.2591530e-01
   3.6249476e+01   2.8217109e+00   1.4263480e+00   6.1485118e-01  -2.3585167e+00   1.2171103e-01
   3.9069233e+01   2.7147736e+00   1.3971688e+00   7.8449646e-01  -2.4590722e+00   1.2236950e-01
   3.1574300e+01   2.7860256e+00   1.1661756e+00   6.1668597e-01  -2.3683227e+00   1.2806953e-01
   3.8434502e+01   2.7795660e+00   1.5250961e+00   6.1065197e-01  -2.4334638e+00   1.3197899e-01
   3.4285747e+01   2.7485687e+00   1.2049665e+00   7.2772176e-01  -2.3953768e+00   1.3065305e-01
   4.1244278e+01   2.7387165e+00   1.6150903e+00   6.6663313e-01  -2.4821229e+00   1.2597902e-01
   3.8785716e+01   2.5560277e+00   1.2119478e+00   9.0851203e-01  -2.6680149e+00   1.3219852e-01
   3.8634911e+01   2.6251321e+00   1.3651329e+00   7.5488150e-01  -2.6001956e+00   1.2640299e-01
   3.5430591e+01   2.6731736e+00   1.2346023e+00   7.2923794e-01  -2.5163265e+00   1.2888927e-01
   3.3265666e+01   2.7032542e+00   1.1725410e+00   6.8010657e-01  -2.4745632e+00   1.3099535e-01
   3.8144224e+01   2.6687668e+00   1.3708886e+00   7.3797336e-01  -2.5350468e+00   1.1932294e-01
   3.4424892e+01   2.6745696e+00   1.0890603e+00   8.4933187e-01  -2.4436276e+00   1.1714634e-01
   3.1171729e+01   2.7117520e+00   1.1080417e+00   6.2987135e-01  -2.4649987e+00   1.2977511e-01
   2.9478156e+01   2.7600733e+00   1.0805207e+00   5.7726888e-01  -2.4018972e+00   1.2276079e-01
   3.7193745e+01   2.5998373e+00   1.2199401e+00   8.2391725e-01  -2.6085703e+00   1.2801779e-01
   4.2033570e+01   2.7070457e+00   1.5431191e+00   7.8669081e-01  -2.4938358e+00   1.3165970e-01
   3.7428207e+01   2.6700729e+00   1.3504825e+00   7.1787661e-01  -2.5359041e+00   1.2053835e-01
   4.3433197e+01   2.7985644e+00   1.5777975e+00   8.9796842e-01  -2.3282435e+00   1.2081052e-01
   4.2352094e+01   2.8281883e+00   1.6512318e+00   7.4069877e-01  -2.3426044e+00   1.2493613e-01
   3.7362879e+01   2.7387274e+00   1.2300970e+00   8.9849010e-01  -2.3577449e+00   1.2498625e-01
   3.4378383e+01   2.6625594e+00   1.1611552e+00   7.4778829e-01  -2.5146482e+00   1.2651177e-01
   3.9990232e+01   2.7240567e+00   1.3534879e+00   9.0256260e-01  -2.4070682e+00   1.2575176e-01
   3.6310661e+01   2.7572669e+00   1.2470711e+00   8.2209216e-01  -2.3519236e+00   1.1818701e-01
   4.3328685e+01   2.6710055e+00   1.5732892e+00   8.1885449e-01  -2.5391725e+00   1.2264680e-01
   3.2171660e+01   2.6177215e+00   1.1871793e+00   5.7085094e-01  -2.6289493e+00   1.2179817e-01
   4.1889876e+01   2.7129451e+00   1.5631407e+00   7.6335482e-01  -2.4861492e+00   1.1678151e-01
   3.8309355e+01   2.6637208e+00   1.3950825e+00   7.1762156e-01  -2.5504170e+00   1.1949217e-01
   4.0387555e+01   2.7823556e+00   1.4830691e+00   7.9494989e-01  -2.3728811e+00   1.3266014e-01
   3.6532080e+01   2.6130435e+00   1.2409637e+00   7.6454673e-01  -2.6045197e+00   1.3118296e-01
   3.0426053e+01   2.6147959e+00   1.0256733e+00   6.4682968e-01  -2.5966560e+00   1.2912417e-01
   3.4221565e+01   2.6724878e+00   1.1436548e+00   7.6762648e-01  -2.4842945e+00   1.1773487e-01
   4.0635696e+01   2.5827111e+00   1.3465085e+00   8.7927193e-01  -2.6401284e+00   1.2494729e-01
   2.9198368e+01   2.6316469e+00   1.0353142e+00   5.7097519e-01  -2.5854701e+00   1.1632245e-01
   3.5735394e+01   2.7540093e+00   1.3739817e+00   6.1415525e-01  -2.4479259e+00   1.2713980e-01
   3.7292261e+01   2.5823390e+00   1.1975902e+00   8.4776041e-01  -2.6307707e+00   1.2967126e-01
   3.6913652e+01   2.7640152e+00   1.4681490e+00   5.7652686e-01  -2.4574294e+00   1.3121941e-01
   3.9295528e+01   2.8344934e+00   1.5873793e+00   6.2046222e-01  -2.3587856e+00   1.1794434e-01
   3.0873436e+01   2.6671960e+00   1.0355973e+00   6.8435561e-01  -2.4981771e+00   1.2068305e-01
   3.8596907e+01   2.6219855e+00   1.2394711e+00   8.9436716e-01  -2.5600635e+00   1.2893456e-01
   3.6915089e+01   2.7390172e+00   1.2911274e+00   7.8992752e-01  -2.4033609e+00   1.2385098e-01
   2.8979508e+01   2.8044257e+00   1.0712352e+00   5.7491372e-01  -2.3361626e+00   1.2492706e-01
   3.1274344e+01   2.7099824e+00   1.0708118e+00   6.8111515e-01  -2.4439681e+00   1.3064294e-01
   3.0702271e+01   2.6832404e+00   1.0663175e+00   6.3848226e-01  -2.5000515e+00   1.3255507e-01
   4.1095566e+01   2.7095834e+00   1.5996096e+00   6.6820319e-01  -2.5165161e+00   1.1571991e-01
   4.0764818e+01   2.6627097e+00   1.6440315e+00   5.7879966e-01  -2.6044671e+00   1.2149014e-01
   3.8490273e+01   2.6543712e+00   1.2717408e+00   8.6773207e-01  -2.5147863e+00   1.2467470e-01
   3.7095971e+01   2.6637545e+00   1.2216802e+00   8.4388159e-01  -2.4990734e+00   1.2837775e-01
   3.8956879e+01   2.7667696e+00   1.3760893e+00   8.2838389e-01  -2.3687844e+00   1.3223756e-01
   4.2670410e+01   2.7417393e+00   1.5298582e+00   8.6488462e-01  -2.4193180e+00   1.2746272e-01
   4.2549965e+01   2.7208861e+00   1.5338941e+00   8.4397707e-01  -2.4528928e+00   1.2013423e-01
   4.0221613e+01   2.6321848e+00   1.5757248e+00   6.1253178e-01  -2.6382114e+00   1.3190967e-01
   4.1072004e+01   2.6232197e+00   1.5336675e+00   7.0732878e-01  -2.6305313e+00   1.3115459e-01
   2.8743826e+01   2.7078607e+00   1.0238070e+00   5.7923560e-01  -2.4685212e+00   1.2333325e-01
   3.9680226e+01   2.7366675e+00   1.6122085e+00   5.6966883e-01  -2.5083164e+00   1.2812331e-01
   2.8799978e+01   2.7042157e+00   1.0312695e+00   5.7171507e-01  -2.4790488e+00   1.2508454e-01
   3.0547575e+01   2.5824193e+00   1.0386472e+00   6.2950166e-01  -2.6562911e+00   1.3265241e-01
   3.7880999e+01   2.7459431e+00   1.4779462e+00   6.2326660e-01  -2.4672299e+00   1.2214985e-01
   3.7989543e+01   2.7259731e+00   1.3664926e+00   7.5446854e-01  -2.4498731e+00   1.3070316e-01
   3.7483522e+01   2.6970282e+00   1.3575875e+00   7.1974637e-01  -2.5012363e+00   1.3090443e-01
   3.8749673e+01   2.6096887e+00   1.3431927e+00   7.8261625e-01  -2.6134980e+00   1.2209251e-01
   3.0716703e+01   2.7343867e+00   1.0619997e+00   6.6874694e-01  -2.4060719e+00   1.2802568e-01
   3.4515111e+01   2.7345048e+00   1.1678692e+00   7.8226205e-01  -2.3924087e+00   1.3124108e-01
   3.3952016e+01   2.6198501e+00   1.0950857e+00   7.7949941e-01  -2.5677962e+00   1.3109304e-01
   4.1129270e+01   2.7411727e+00   1.6572115e+00   6.1289956e-01  -2.4922662e+00   1.1680214e-01
   3.0216208e+01   2.6290713e+00   1.0651197e+00   5.9744655e-01  -2.5864402e+00   1.1596639e-01
   2.9876583e+01   2.6241867e+00   1.0583612e+00   5.8072461e-01  -2.6022657e+00   1.2533068e-01
   3.6966780e+01   2.7978504e+00   1.4458218e+00   6.2963972e-01  -2.3870992e+00   1.1554859e-01
   3.6521334e+01   2.5830439e+00   1.2413076e+00   7.5758712e-01  -2.6462801e+00   1.1883242e-01
   3.5785898e+01   2.5820814e+00   1.1024754e+00   8.7158789e-01  -2.6011557e+00   1.1574645e-01
   3.7237446e+01   2.8301972e+00   1.4300791e+00   6.7932448e-01  -2.3290875e+00   1.2914996e-01
   3.8536003e+01   2.7429536e+00   1.5005130e+00   6.3790310e-01  -2.4686954e+00   1.1870216e-01
   3.8527747e+01   2.7601711e+00   1.5383727e+00   5.9260392e-01  -2.4658581e+00   1.3192608e-01
   3.6768285e+01   2.7446348e+00   1.1929804e+00   9.0919600e-01  -2.3377360e+00   1.2876701e-01
   3.5822205e+01   2.6117384e+00   1.2992264e+00   6.5716898e-01  -2.6346257e+00   1.2957212e-01
   3.6507705e+01   2.7622711e+00   1.2785036e+00   7.9397026e-01  -2.3626361e+00   1.2278824e-01
   3.6429868e+01   2.8133586e+00   1.4114045e+00   6.4347846e-01  -2.3581942e+00   1.2060238e-01
   3.9695451e+01   2.6529649e+00   1.5157133e+00   6.5608247e-01  -2.5948076e+00   1.2720471e-01
   4.4980666e+01   2.6261886e+00   1.6258779e+00   8.3638249e-01  -2.6112536e+00   1.3030071e-01
   3.0939740e+01   2.7264161e+00   1.1043765e+00   6.2526777e-01  -2.4438837e+00   1.3053135e-01
   3.7267238e+01   2.5939956e+00   1.1844110e+00   8.6504812e-01  -2.6065763e+00   1.3097032e-01
   3.4182237e+01   2.6210182e+00   1.2633700e+00   6.0297836e-01  -2.6288587e+00   1.3004137e-01
   4.6725756e+01   2.6621266e+00   1.6597652e+00   9.2133930e-01  -2.5419611e+00   1.2381490e-01
   3.6847994e+01   2.6517087e+00   1.2393067e+00   8.0396754e-01  -2.5290231e+00   1.2387377e-01
   4.1637101e+01   2.6216337e+00   1.5991015e+00   6.7131068e-01  -2.6381987e+00   1.1652214e-01
   3.6451367e+01   2.6903986e+00   1.1726619e+00   8.8088347e-01  -2.4307355e+00   1.2332554e-01
   3.1347557e+01   2.7181552e+00   1.1614027e+00   5.8003226e-01  -2.4785441e+00   1.2573275e-01
   4.3952379e+01   2.8184637e+00   1.6580523e+00   8.4268125e-01  -2.3251836e+00   1.1729950e-01
   4.5950523e+01   2.6279560e+00   1.6323068e+00   8.9128600e-01  -2.5952572e+00   1.2135917e-01
   3.9142363e+01   2.7894738e+00   1.4307754e+00   7.9162355e-01  -2.3485748e+00   1.1997435e-01
   3.8739731e+01   2.7169477e+00   1.3444107e+00   8.2823593e-01  -2.4372345e+00   1.2546567e-01
   3.5290818e+01   2.7403948e+00   1.2503640e+00   7.3590769e-01  -2.4098794e+00   1.2295050e-01
   4.2631896e+01   2.6645681e+00   1.5146600e+00   8.4194378e-01  -2.5373773e+00   1.2259802e-01
   3.8022047e+01   2.7309752e+00   1.5249081e+00   5.7176683e-01  -2.5037369e+00   1.1632896e-01
   3.0600730e+01   2.5914071e+00   1.0383261e+00   6.3873882e-01  -2.6324523e+00   1.1989845e-01
   2.9193087e+01   2.7759144e+00   1.0534774e+00   6.0206777e-01  -2.3608721e+00   1.1962889e-01
   3.3576054e+01   2.6913483e+00   1.2280142e+00   6.2955497e-01  -2.5140986e+00   1.2770508e-01
   4.3587648e+01   2.7239884e+00   1.5347782e+00   9.0784397e-01  -2.4361634e+00   1.2683228e-01
   4.0833012e+01   2.7287373e+00   1.4256310e+00   8.7448594e-01  -2.4152104e+00   1.1745754e-01
   4.1471020e+01   2.6822584e+00   1.6527200e+00   6.1853954e-01  -2.5697962e+00   1.1763191e-01
   3.4377773e+01   2.6756443e+00   1.1216287e+00   8.0666472e-01  -2.4622000e+00   1.1674162e-01
   3.6390903e+01   2.6974941e+00   1.4169012e+00   5.8303319e-01  -2.5401461e+00   1.2815926e-01
   3.2730236e+01   2.7743894e+00   1.2185448e+00   6.2244980e-01  -2.3916607e+00   1.2504823e-01
   3.1281339e+01   2.5915096e+00   1.0744991e+00   6.3560422e-01  -2.6438836e+00   1.2988129e-01
   4.1918037e+01   2.8209296e+00   1.5844659e+00   8.0114308e-01  -2.3228158e+00   1.1723072e-01
   4.0320711e+01   2.7369950e+00   1.4001708e+00   8.7704525e-01  -2.3985096e+00   1.1984400e-01
   3.8198981e+01   2.5536500e+00   1.2149416e+00   8.7590323e-01  -2.6669939e+00   1.1632741e-01
   3.2983609e+01   2.7553479e+00   1.1279540e+00   7.4675728e-01  -2.3590682e+00   1.2679238e-01
   3.6732216e+01   2.7414663e+00   1.2386146e+00   8.4984735e-01  -2.3677388e+00   1.2020663e-01
   3.0813923e+01   2.7220815e+00   1.0631420e+00   6.6791058e-01  -2.4259064e+00   1.2770570e-01
   4.1456474e+01   2.7576919e+00   1.4406128e+00   9.1687628e-01  -2.3604501e+00   1.1765061e-01
   3.7712061e+01   2.6402759e+00   1.1770443e+00   9.2519624e-01  -2.5069237e+00   1.2448970e-01
   3.8320725e+01   2.6980510e+00   1.5078751e+00   5.9955099e-01  -2.5397870e+00   1.1618438e-01
   3.4720367e+01   2.5930320e+00   1.2122950e+00   6.8772775e-01  -2.6405698e+00   1.1714702e-01
   3.4360735e+01   2.8205428e+00   1.2894588e+00   6.6562658e-01  -2.3212506e+00   1.2353320e-01
   3.0037872e+01   2.7642733e+00   1.0556615e+00   6.4680266e-01  -2.3657461e+00   1.2773203e-01
   3.4427925e+01   2.5450339e+00   1.0395746e+00   8.4486762e-01  -2.6695438e+00   1.2583335e-01
   3.2758740e+01   2.7182626e+00   1.1398764e+00   7.0040057e-01  -2.4320598e+00   1.1894687e-01
   3.2550073e+01   2.7379207e+00   1.1941903e+00   6.2455381e-01  -2.4408258e+00   1.2613631e-01
   3.0535137e+01   2.6664445e+00   1.0623673e+00   6.2850891e-01  -2.5257265e+00   1.2753233e-01
   3.8119706e+01   2.6525327e+00   1.2345033e+00   8.9027501e-01  -2.5031780e+00   1.2085618e-01
   3.5289109e+01   2.6148805e+00   1.0518442e+00   9.0911686e-01  -2.5339495e+00   1.2936740e-01
   3.3055705e+01   2.6512168e+00   1.0849528e+00   7.5517778e-01  -2.5116697e+00   1.1847968e-01
   3.0079725e+01   2.5854673e+00   1.0659913e+00   5.7580340e-01  -2.6602214e+00   1.1957899e-01
   4.2093589e+01   2.7011006e+00   1.6022968e+00   7.1989851e-01  -2.5210204e+00   1.2571842e-01
   3.3573445e+01   2.6140173e+00   1.2205290e+00   6.1307740e-01  -2.6326117e+00   1.3046951e-01
   4.2290043e+01   2.5759952e+00   1.4008584e+00   9.1129412e-01  -2.6545101e+00   1.2960851e-01
   3.4678094e+01   2.7133194e+00   1.2629283e+00   6.6630282e-01  -2.4753208e+00   1.2563771e-01
   4.5144624e+01   2.7184264e+00   1.6326023e+00   8.9037897e-01  -2.4560524e+00   1.1542695e-01
   4.2500569e+01   2.7408800e+00   1.4978767e+00   8.9093190e-01  -2.4115022e+00   1.3179492e-01
   4.4389985e+01   2.6433328e+00   1.5910768e+00   8.4792623e-01  -2.5798292e+00   1.2915353e-01
   4.0858928e+01   2.7242296e+00   1.4054490e+00   8.9583024e-01  -2.4158939e+00   1.2232405e-01
   3.6645227e+01   2.7911540e+00   1.4638906e+00   5.7519493e-01  -2.4204368e+00   1.3056013e-01
   3.9194830e+01   2.6612080e+00   1.2716181e+00   9.1396837e-01  -2.4936088e+00   1.2710232e-01
   3.1096459e+01   2.7954446e+00   1.1635106e+00   5.9624580e-01  -2.3577335e+00   1.1959740e-01
   3.1449599e+01   2.7417898e+00   1.1042446e+00   6.7167697e-01  -2.3973375e+00   1.1831330e-01
   3.3702438e+01   2.6722619e+00   1.1307933e+00   7.4462930e-01  -2.4967190e+00   1.3034603e-01
   4.5151149e+01   2.7499693e+00   1.6242509e+00   9.1802348e-01  -2.4035821e+00   1.2106137e-01
   3.2245329e+01   2.6878535e+00   1.0419098e+00   7.7337992e-01  -2.4365768e+00   1.2103550e-01
   3.9876142e+01   2.8477289e+00   1.5862227e+00   6.6766494e-01  -2.3279243e+00   1.2233872e-01
   3.6130520e+01   2.6251510e+00   1.3561311e+00   6.1559256e-01  -2.6286768e+00   1.2865027e-01
   3.8537998e+01   2.8240246e+00   1.5402921e+00   6.2497603e-01  -2.3659231e+00   1.1823727e-01
   3.5491849e+01   2.7212494e+00   1.3079861e+00   6.6581097e-01  -2.4712226e+00   1.2734368e-01
   3.5939055e+01   2.6020683e+00   1.2429057e+00   7.2513986e-01  -2.6276008e+00   1.2656243e-01
   3.9189322e+01   2.8302470e+00   1.5073808e+00   7.1148770e-01  -2.3306427e+00   1.2965515e-01
   3.4895435e+01   2.7651584e+00   1.2517131e+00   7.2203359e-01  -2.3761770e+00   1.2196305e-01
   3.9644050e+01   2.5874289e+00   1.3782104e+00   7.9001150e-01  -2.6478018e+00   1.1733106e-01
   4.2324482e+01   2.6641438e+00   1.5921254e+00   7.2978186e-01  -2.5724406e+00   1.3031752e-01
   3.8858244e+01   2.7189456e+00   1.5608495e+00   5.7352119e-01  -2.5264890e+00   1.2777610e-01
   3.1544292e+01   2.7386124e+00   1.1768779e+00   5.8151696e-01  -2.4506308e+00   1.2537586e-01
   3.5506512e+01   2.7938089e+00   1.3002817e+00   7.1251810e-01  -2.3485355e+00   1.2826171e-01
   4.4685147e+01   2.6672398e+00   1.5533709e+00   9.2121436e-01  -2.5245603e+00   1.2847942e-01
   3.3419988e+01   2.7113656e+00   1.1180562e+00   7.6427115e-01  -2.4210490e+00   1.2502979e-01
   4.2223756e+01   2.7924985e+00   1.5078981e+00   8.9711190e-01  -2.3304522e+00   1.2930006e-01
   4.1163705e+01   2.7081468e+00   1.5842591e+00   6.8570275e-01  -2.5174627e+00   1.2703196e-01
   3.6150042e+01   2.7384807e+00   1.3431178e+00   6.7361164e-01  -2.4476363e+00   1.2468270e-01
   3.9978847e+01   2.7644578e+00   1.3870088e+00   8.8510320e-01  -2.3546649e+00   1.2730261e-01
   4.2792331e+01   2.7857632e+00   1.5681395e+00   8.4922442e-01  -2.3651335e+00   1.3197996e-01
   4.3322697e+01   2.6355799e+00   1.6539084e+00   7.1095171e-01  -2.6197192e+00   1.2629206e-01
   4.3994679e+01   2.6218879e+00   1.5286765e+00   8.8630795e-01  -2.5995018e+00   1.2961656e-01
   3.5168587e+01   2.7132378e+00   1.2455749e+00   7.2218525e-01  -2.4526849e+00   1.1866977e-01
   3.6975342e+01   2.7600385e+00   1.3429769e+00   7.3681625e-01  -2.3988590e+00   1.2844128e-01
   3.4602236e+01   2.6231508e+00   1.1840822e+00   7.2192027e-01  -2.5833599e+00   1.1923634e-01
   3.7671402e+01   2.6651003e+00   1.3481083e+00   7.3280249e-01  -2.5405227e+00   1.2262147e-01
   3.4115132e+01   2.6206657e+00   1.0703390e+00   8.1913559e-01  -2.5504267e+00   1.2912568e-01
   2.9903606e+01   2.6789128e+00   1.0557047e+00   6.0355082e-01  -2.5101564e+00   1.2233505e-01
   4.1182915e+01   2.6098559e+00   1.4286957e+00   8.3280564e-01  -2.6099015e+00   1.1617081e-01
   3.6339235e+01   2.7831402e+00   1.4170475e+00   6.1592830e-01  -2.4091362e+00   1.1887962e-01
   3.3155892e+01   2.5756688e+00   1.0721771e+00   7.4765242e-01  -2.6353457e+00   1.1613179e-01
   3.6790378e+01   2.8104988e+00   1.4122923e+00   6.6252126e-01  -2.3586068e+00   1.2649028e-01
   3.9339896e+01   2.5932103e+00   1.3705224e+00   7.8184500e-01  -2.6408937e+00   1.1976057e-01
   3.9717630e+01   2.7997483e+00   1.5709991e+00   6.5100597e-01  -2.3965909e+00   1.2268112e-01
   4.1348770e+01   2.7499433e+00   1.4336563e+00   9.1246931e-01  -2.3731343e+00   1.1837222e-01
   3.2314189e+01   2.6977139e+00   1.1946587e+00   5.9184561e-01  -2.5120817e+00   1.3075132e-01
   3.0834658e+01   2.7097406e+00   1.0884581e+00   6.3505903e-01  -2.4581347e+00   1.2131105e-01
   3.3389565e+01   2.6216673e+00   1.0586767e+00   7.9355257e-01  -2.5457558e+00   1.1895046e-01
   3.7385217e+01   2.7773992e+00   1.4202548e+00   6.7393124e-01  -2.4044245e+00   1.2920408e-01
   3.7607928e+01   2.7470429e+00   1.4699710e+00   6.1850516e-01  -2.4636830e+00   1.1581228e-01
   3.2832394e+01   2.7220227e+00   1.1967889e+00   6.3710269e-01  -2.4559535e+00   1.1607823e-01
   3.8828349e+01   2.7337316e+00   1.2914904e+00   9.1300817e-01  -2.3750579e+00   1.2459083e-01
   3.4876237e+01   2.6895798e+00   1.2553264e+00   6.7580275e-01  -2.5099474e+00   1.3160097e-01
   3.0442823e+01   2.7671853e+00   1.0726184e+00   6.5445071e-01  -2.3612194e+00   1.2584844e-01
   3.3542527e+01   2.6514685e+00   1.0646387e+00   8.0646062e-01  -2.4971687e+00   1.2583041e-01
   2.9908106e+01   2.7312614e+00   1.0975650e+00   5.7074397e-01  -2.4520133e+00   1.2657198e-01
   3.7110429e+01   2.7474156e+00   1.4563051e+00   5.9729375e-01  -2.4732101e+00   1.3140231e-01
   3.2734488e+01   2.7347182e+00   1.1607168e+00   6.8046462e-01  -2.4175000e+00   1.1919598e-01
   3.2761467e+01   2.7065112e+00   1.1725320e+00   6.4969507e-01  -2.4785875e+00   1.3075911e-01
   3.2488482e+01   2.6978395e+00   1.0252616e+00   8.1908701e-01  -2.3955714e+00   1.1623531e-01
   4.1690248e+01   2.6834615e+00   1.4880323e+00   8.2086334e-01  -2.5136622e+00   1.2949336e-01
   3.9607777e+01   2.7637183e+00   1.3810621e+00   8.7534241e-01  -2.3510487e+00   1.1595337e-01
   3.9225035e+01   2.5969590e+00   1.3752256e+00   7.7012602e-01  -2.6393244e+00   1.2259702e-01
   3.9938927e+01   2.8214240e+00   1.4977855e+00   7.7417746e-01  -2.3206503e+00   1.2571732e-01
   4.1226615e+01   2.7620514e+00   1.5508463e+00   7.6001277e-01  -2.4154321e+00   1.1880579e-01
   3.8506870e+01   2.6791922e+00   1.2730855e+00   8.7788375e-01  -2.4745229e+00   1.2921632e-01
   3.3444064e+01   2.5921168e+00   1.1072613e+00   7.2961669e-01  -2.6196814e+00   1.1905234e-01
   3.2695196e+01   2.7525776e+00   1.1457782e+00   7.0698722e-01  -2.3769908e+00   1.1841699e-01
   4.0421699e+01   2.7532117e+00   1.4836447e+00   7.8317193e-01  -2.4162473e+00   1.2605041e-01
   3.8617751e+01   2.6964455e+00   1.4510119e+00   6.7883137e-01  -2.5237821e+00   1.3173455e-01
   3.0225607e+01   2.6387298e+00   1.0582491e+00   6.0553814e-01  -2.5741528e+00   1.2687943e-01
   3.5717903e+01   2.6489745e+00   1.2672127e+00   7.0287501e-01  -2.5596444e+00   1.1912026e-01
   3.5723611e+01   2.7317402e+00   1.3361051e+00   6.4904262e-01  -2.4663882e+00   1.3125742e-01
   4.1398149e+01   2.7436231e+00   1.5183376e+00   8.0037565e-01  -2.4287829e+00   1.2199170e-01
   3.4443628e+01   2.7220306e+00   1.1149052e+00   8.4833025e-01  -2.3678287e+00   1.1599489e-01
   3.7437211e+01   2.6273734e+00   1.3324324e+00   7.2375424e-01  -2.5959177e+00   1.1933648e-01
   3.3325642e+01   2.6589191e+00   1.0659689e+00   7.9240951e-01  -2.4925655e+00   1.3114097e-01
   3.9851451e+01   2.7051113e+00   1.5268924e+00   6.6949943e-01  -2.5211031e+00   1.3048263e-01
   3.6625761e+01   2.6288584e+00   1.2733029e+00   7.4101037e-01  -2.5858437e+00   1.2550542e-01
   3.2936541e+01   2.7459650e+00   1.1718116e+00   6.8231813e-01  -2.4049736e+00   1.2512877e-01
   3.4114201e+01   2.6969455e+00   1.0715936e+00   8.6648486e-01  -2.3929620e+00   1.1540612e-01
   3.4304504e+01   2.6222011e+00   1.0705870e+00   8.3629216e-01  -2.5347847e+00   1.1759096e-01
   4.0810039e+01   2.6885523e+00   1.6170568e+00   6.2106544e-01  -2.5584754e+00   1.1911579e-01
   3.1504059e+01   2.6998023e+00   1.1515572e+00   5.9373447e-01  -2.5015864e+00   1.2975011e-01
   4.3634064e+01   2.6603609e+00   1.6358336e+00   7.6044987e-01  -2.5722892e+00   1.2212056e-01
   3.7757177e+01   2.5935141e+00   1.2385278e+00   8.3657753e-01  -2.6143680e+00   1.2091258e-01
   4.5350292e+01   2.6730046e+00   1.6380144e+00   8.6956266e-01  -2.5314566e+00   1.1993463e-01
   3.7464506e+01   2.6218316e+00   1.2407204e+00   8.2820628e-01  -2.5698616e+00   1.2053820e-01
   3.5269195e+01   2.5878671e+00   1.0605506e+00   8.8821157e-01  -2.5846734e+00   1.2282520e-01
   3.6655148e+01   2.7544768e+00   1.4141940e+00   6.2772950e-01  -2.4451431e+00   1.1872955e-01
   3.5675656e+01   2.8277380e+00   1.3775706e+00   6.4152560e-01  -2.3353252e+00   1.2524502e-01
   4.5394239e+01   2.6225162e+00   1.6035445e+00   8.8617697e-01  -2.6044834e+00   1.2681169e-01
   3.3142119e+01   2.7657964e+00   1.1493092e+00   7.3522804e-01  -2.3518839e+00   1.2729659e-01
   3.9027424e+01   2.7445168e+00   1.5270534e+00   6.3642571e-01  -2.4709134e+00   1.2153212e-01
   3.7726175e+01   2.6066951e+00   1.2436659e+00   8.2972268e-01  -2.6019751e+00   1.3200787e-01
   4.5147874e+01   2.7432356e+00   1.6458624e+00   8.8674882e-01  -2.4235854e+00   1.1962125e-01
   4.3185584e+01   2.7311235e+00   1.5582014e+00   8.5600524e-01  -2.4419787e+00   1.2838563e-01
   4.2559260e+01   2.6468910e+00   1.4781739e+00   8.7216425e-01  -2.5536403e+00   1.2216595e-01
   3.4472069e+01   2.6779241e+00   1.1581168e+00   7.6257383e-01  -2.4873900e+00   1.3006170e-01
   3.0630122e+01   2.5725958e+00   1.0296498e+00   6.4452631e-01  -2.6609188e+00   1.2184904e-01
   3.5035852e+01   2.5697507e+00   1.1549891e+00   7.5984210e-01  -2.6617887e+00   1.2767922e-01
   3.9563195e+01   2.7393921e+00   1.3652393e+00   8.7228288e-01  -2.3906524e+00   1.2139168e-01
   3.1723336e+01   2.5991330e+00   1.0895578e+00   6.4659331e-01  -2.6319107e+00   1.3062455e-01
   4.2825572e+01   2.7456844e+00   1.5696079e+00   8.2679128e-01  -2.4289755e+00   1.2842482e-01
   4.4156252e+01   2.7585602e+00   1.6063792e+00   8.7924299e-01  -2.3988602e+00   1.2293372e-01
   3.4954352e+01   2.7485548e+00   1.2346524e+00   7.3857240e-01  -2.3931080e+00   1.2234719e-01
   3.6640625e+01   2.7407000e+00   1.3218752e+00   7.3470515e-01  -2.4217584e+00   1.2186561e-01
   3.3647602e+01   2.7137078e+00   1.0215659e+00   9.0794464e-01  -2.3389528e+00   1.2308702e-01
   3.6486503e+01   2.6278679e+00   1.2199560e+00   7.9502633e-01  -2.5654732e+00   1.2199363e-01
   3.8257559e+01   2.7794891e+00   1.3322316e+00   8.5901535e-01  -2.3217387e+00   1.1665031e-01
   3.4103120e+01   2.6949770e+00   1.1885607e+00   7.1351355e-01  -2.4759059e+00   1.2303544e-01
   3.8461354e+01   2.7527422e+00   1.4596923e+00   6.8470913e-01  -2.4404037e+00   1.2592334e-01
   4.0913919e+01   2.8325833e+00   1.6065947e+00   7.0534290e-01  -2.3393682e+00   1.2068169e-01
   4.0266701e+01   2.6217349e+00   1.3871601e+00   8.2759763e-01  -2.5911050e+00   1.2245112e-01
   3.2109868e+01   2.8083820e+00   1.1905656e+00   6.3858722e-01  -2.3267346e+00   1.1714191e-01
   4.3199674e+01   2.6354001e+00   1.6177287e+00   7.4530125e-01  -2.6099721e+00   1.2367122e-01
   2.9412758e+01   2.7876981e+00   1.0610800e+00   6.1260502e-01  -2.3408661e+00   1.2046674e-01
   3.6106286e+01   2.8354350e+00   1.4231009e+00   6.1948721e-01  -2.3353125e+00   1.1567006e-01
   4.6343630e+01   2.6203394e+00   1.6304863e+00   9.0962202e-01  -2.6084376e+00   1.3075062e-01
   3.9283580e+01   2.5837717e+00   1.3523090e+00   7.9596105e-01  -2.6505985e+00   1.1904057e-01
   4.3091152e+01   2.6639063e+00   1.6359128e+00   7.2685285e-01  -2.5758860e+00   1.2726297e-01
   3.6100950e+01   2.6722491e+00   1.1949089e+00   8.2356953e-01  -2.4788530e+00   1.1806916e-01
   3.7673594e+01   2.7586319e+00   1.3591343e+00   7.5955491e-01  -2.3988041e+00   1.3231230e-01
   4.3266630e+01   2.7310644e+00   1.6065990e+00   8.0368224e-01  -2.4586817e+00   1.2411909e-01
   3.6297809e+01   2.6214499e+00   1.1579787e+00   8.4887943e-01  -2.5591594e+00   1.3087209e-01
   4.2386214e+01   2.6893212e+00   1.5522324e+00   7.9131563e-01  -2.5182030e+00   1.2800727e-01
   3.2757168e+01   2.7408271e+00   1.1087969e+00   7.4965020e-01  -2.3751947e+00   1.2402385e-01
   3.6592121e+01   2.7190036e+00   1.3016557e+00   7.4364287e-01  -2.4508669e+00   1.2593529e-01
   4.0042909e+01   2.6773254e+00   1.5834696e+00   6.0878778e-01  -2.5743703e+00   1.2145479e-01
   4.2604363e+01   2.6844859e+00   1.4733476e+00   8.9860802e-01  -2.4898470e+00   1.2452822e-01
   3.6497969e+01   2.7890045e+00   1.3398320e+00   7.2468312e-01  -2.3592596e+00   1.2923063e-01
   3.8957092e+01   2.6251255e+00   1.4123413e+00   7.2266317e-01  -2.6086887e+00   1.2014130e-01
   2.9229405e+01   2.7698035e+00   1.0698293e+00   5.7972544e-01  -2.3831273e+00   1.2047149e-01
   3.5071959e+01   2.6042771e+00   1.1752068e+00   7.5264723e-01  -2.6062800e+00   1.2143505e-01
   3.5533308e+01   2.5577755e+00   1.0363076e+00   9.1555481e-01  -2.6355952e+00   1.3060396e-01
   4.1015060e+01   2.6057435e+00   1.5649158e+00   6.6816089e-01  -2.6586304e+00   1.1700828e-01
   3.4051514e+01   2.5440134e+00   1.0292731e+00   8.3638207e-01  -2.6660140e+00   1.1897751e-01
   3.5080796e+01   2.8361720e+00   1.3742229e+00   6.1117884e-01  -2.3316496e+00   1.2064652e-01
   3.4054839e+01   2.7269342e+00   1.0967802e+00   8.4569739e-01  -2.3593864e+00   1.2149360e-01
   4.1040165e+01   2.5836405e+00   1.3983980e+00   8.4439959e-01  -2.6522138e+00   1.2801173e-01
   3.9062288e+01   2.7392712e+00   1.4204661e+00   7.6355139e-01  -2.4354723e+00   1.3078380e-01
   3.7671835e+01   2.8461377e+00   1.5008541e+00   6.3005298e-01  -2.3284450e+00   1.1628923e-01
   3.8476264e+01   2.5947314e+00   1.2193247e+00   9.0348530e-01  -2.5926318e+00   1.1675188e-01
   4.1367462e+01   2.6240104e+00   1.6100203e+00   6.4403014e-01  -2.6402076e+00   1.1563885e-01
   3.8243651e+01   2.7005238e+00   1.5235575e+00   5.7630198e-01  -2.5442207e+00   1.1874577e-01
   3.3086908e+01   2.7032999e+00   1.0847842e+00   7.8541906e-01  -2.4134754e+00   1.1584389e-01
   3.5516515e+01   2.6934073e+00   1.2007594e+00   7.8748916e-01  -2.4592459e+00   1.2353026e-01
   4.2360495e+01   2.7030891e+00   1.6042241e+00   7.3770645e-01  -2.5119094e+00   1.1961507e-01
   3.2913851e+01   2.7484355e+00   1.0912512e+00   7.8351510e-01  -2.3507359e+00   1.3136732e-01
   4.3254089e+01   2.5824521e+00   1.5284227e+00   8.2921106e-01  -2.6684586e+00   1.2782214e-01
   3.2321904e+01   2.6728810e+00   1.0855783e+00   7.1587497e-01  -2.4914030e+00   1.2387560e-01
   4.1959167e+01   2.6158536e+00   1.5143327e+00   7.8398242e-01  -2.6191097e+00   1.1674346e-01
   3.9098242e+01   2.7076901e+00   1.4461299e+00   7.2220004e-01  -2.4932996e+00   1.2459512e-01
   3.8485312e+01   2.7495449e+00   1.5176524e+00   6.1298987e-01  -2.4710971e+00   1.2695734e-01
   4.1626181e+01   2.7607624e+00   1.6199892e+00   6.9497323e-01  -2.4452652e+00   1.2594394e-01
   3.4502577e+01   2.6045996e+00   1.1336313e+00   7.6570037e-01  -2.5972886e+00   1.2267535e-01
   2.9805902e+01   2.6459729e+00   1.0328537e+00   6.1487943e-01  -2.5507446e+00   1.1731190e-01
   3.9323484e+01   2.6936126e+00   1.5566468e+00   5.9848987e-01  -2.5551851e+00   1.2957283e-01
   3.5809916e+01   2.7302421e+00   1.3244840e+00   6.7323091e-01  -2.4547677e+00   1.1971794e-01
   3.3935302e+01   2.6729431e+00   1.0896791e+00   8.1244775e-01  -2.4630721e+00   1.2423228e-01
   3.2208322e+01   2.7085935e+00   1.0770599e+00   7.3346097e-01  -2.4292839e+00   1.2935601e-01
   3.3520752e+01   2.5952300e+00   1.0938550e+00   7.4861790e-01  -2.6114334e+00   1.2424360e-01
   3.0729369e+01   2.7354399e+00   1.1278913e+00   5.9021708e-01  -2.4417523e+00   1.2064549e-01
   4.0269539e+01   2.8158424e+00   1.6460939e+00   5.9565404e-01  -2.4010915e+00   1.3035996e-01
   3.4206335e+01   2.6626205e+00   1.2039149e+00   6.9063291e-01  -2.5313314e+00   1.1638422e-01
   3.7980670e+01   2.6848280e+00   1.4055313e+00   6.8998397e-01  -2.5311575e+00   1.2808138e-01
   4.4442962e+01   2.7315980e+00   1.5686081e+00   9.2319450e-01  -2.4278182e+00   1.3103662e-01
   3.6571690e+01   2.6054146e+00   1.1773657e+00   8.3934801e-01  -2.5865517e+00   1.2344823e-01
   4.0307796e+01   2.8020421e+00   1.4880692e+00   8.0156325e-01  -2.3381338e+00   1.2354065e-01
